0.72 0.71 0.57 0.93 0.74 0.41 0.62 0.4 0.96 280.02
0.66 0.44 0.49 0.5 0.0 0.47 0.42 0.43 0.44 209.01
0.74 0.69 0.36 0.09 0.32 0.63 0.32 0.4 0.79 219.53
0.78 0.28 0.74 0.72 0.7 0.98 0.3 0.83 0.43 311.2
0.35 0.09 0.81 0.24 0.24 0.3 0.74 0.49 0.65 203.16
0.6 0.98 0.89 0.03 0.79 0.85 0.66 0.47 0.28 291.63
0.78 0.5 0.08 0.1 0.86 0.79 0.8 0.64 0.2 306.43
0.69 0.48 0.65 0.71 0.29 0.98 0.72 0.77 0.11 323.05
0.58 0.79 0.39 0.64 0.78 0.57 0.77 0.97 0.4 323.32
0.21 0.49 0.02 0.87 0.68 0.6 0.62 0.24 0.45 220.32
0.11 0.89 0.22 0.58 0.59 0.15 0.95 0.48 0.46 218.49
0.37 1.0 0.33 0.01 0.69 0.08 0.12 0.15 0.68 125.5
0.54 0.85 0.71 0.41 0.9 0.67 0.64 0.78 0.37 295.81
0.73 0.04 0.08 0.59 0.72 0.88 0.8 0.66 0.05 313.76
0.36 0.87 0.01 0.1 0.09 0.05 0.63 0.39 0.62 158.65
0.53 0.81 0.13 0.17 0.37 0.73 0.33 0.18 0.98 208.19
0.19 0.18 0.17 0.46 0.69 0.13 0.37 0.44 0.06 150.45
0.5 0.59 0.9 0.42 0.88 0.21 0.07 0.45 0.27 176.62
0.76 0.16 0.55 0.42 0.88 0.05 0.42 0.63 0.35 224.21
0.74 0.76 0.36 0.73 0.43 0.64 0.5 0.65 0.61 282.91
0.54 0.84 0.73 0.02 0.44 0.7 0.36 0.01 0.5 188.8
0.84 0.31 0.6 0.0 0.83 0.64 0.6 0.29 0.16 253.49
0.66 0.19 0.06 0.57 0.86 0.61 0.82 0.36 0.6 276.17
0.88 0.35 0.27 0.08 0.33 1.0 0.52 0.74 0.05 290.66
0.63 0.72 0.77 0.01 0.3 0.04 0.98 0.01 0.36 186.69
0.45 0.17 0.94 0.55 0.47 0.85 0.29 0.88 0.71 270.6
0.33 0.66 0.59 0.17 0.24 0.18 0.38 0.61 0.02 167.03
0.14 0.8 0.62 0.81 0.59 0.22 0.07 0.68 0.71 183.45
0.83 0.18 0.96 0.39 0.11 0.88 0.73 0.73 0.94 312.5
0.13 0.25 0.13 0.91 0.29 0.7 0.5 0.52 0.16 218.57
0.44 0.03 0.33 0.57 0.15 0.18 0.9 0.28 0.79 197.83
0.75 0.02 0.26 0.02 0.88 0.71 0.54 0.58 0.23 270.72
0.65 0.4 0.41 0.25 0.8 0.39 0.65 0.41 0.68 244.63
0.33 0.39 0.5 0.39 0.3 0.38 0.45 0.77 0.1 208.96
0.52 0.27 0.52 0.43 0.44 0.36 0.05 0.02 0.95 136.95
0.81 0.03 0.12 0.11 0.99 0.22 0.94 0.72 0.23 278.18
0.46 0.02 0.79 0.74 0.19 0.11 0.68 0.54 0.98 210.95
